function externalDosInit() {

          g_externalDos = `
|musicTitle=明日ハレの日、ケの昨日,生パン,http://namapann.com/|
|difData=5,Normal,3,70,1,10|
|setColor=0xffff00,0x3333ff,0xffff99,0xff9900,0xff6600|
|frzColor=0x33ff00,0x66ff00,0x6600,0x3300|
|left_data=285,373,403,491,521,609,639,727,757,845,875,904,934,963,1067,1421,1480,1789,1834,1893,2365,2704,3117,3146,3176,3205,3294,3323,3471,3500,3648,3677,3825,3854,4002,4031,4164,4208,4238,4253,4562,4592,4636,4680,4710,4739,4776,4872,4916,4961,5004,5033,5069,5091,5134,5156,5192,5213,5249,5285,5300,5328,5343,5372,5400,5429,5444,5465,5494,5530,5552,5595,5616,5652,5674,5710,5746,5760,5789,5804,5847,5861,5912,5933,5962,5984,6005,6020,6041,6128,6178,6192,6214,6243,6257,6315,6344,6358,6372,6394,6423,6444,6466,6480,6588,6639,6653,6675,6704,6733,6821,6836,6939,6954,7057,7072,7175,7190,7293,7308,7411,7426,7529,7544,7647,7662,7765,7987,8046,8355,8400,8459,9063,9137,9240,9609,9786,9801,10111,10125,10258,10273|
|down_data=270,329,388,447,506,565,624,683,742,801,993,1052,1332,1730,1804,2837,3235,3264,3530,3559,3766,3795,3884,3913,4068,4120,4267,4304,4400,4518,4592,4725,4754,4828,4931,4975,4990,5012,5040,5062,5084,5098,5120,5184,5206,5228,5256,5271,5292,5321,5336,5393,5422,5436,5451,5472,5501,5523,5544,5559,5580,5645,5667,5688,5717,5732,5753,5782,5796,5825,5854,5883,5926,5955,5991,6012,6056,6077,6106,6135,6171,6207,6221,6250,6264,6279,6293,6322,6351,6365,6387,6416,6452,6473,6502,6516,6538,6567,6596,6610,6632,6668,6682,6711,6718,6777,6851,6925,6969,7043,7087,7161,7205,7279,7323,7397,7441,7515,7559,7633,7677,7751,7898,8296,8370,8768,8842,9108,9167,9314,9535,9580,9639,9816,9830,10081,10096,10288,10302|
|up_data=300,359,418,477,536,595,654,713,772,831,1008,1037,1096,1126,1155,1258,1362,1435,1863,2350,2851,3412,3441,3589,3618,3943,3972,4046,4186,4238,4267,4326,4356,4444,4474,4739,4798,4843,4894,5026,5055,5076,5112,5148,5163,5177,5220,5235,5307,5350,5364,5386,5415,5487,5516,5537,5573,5609,5624,5638,5681,5696,5768,5811,5840,5868,5897,5940,5969,6027,6048,6063,6092,6120,6149,6164,6185,6200,6236,6300,6329,6401,6430,6488,6524,6552,6581,6624,6646,6660,6696,6748,6807,6866,6910,6984,7028,7102,7146,7220,7264,7338,7382,7456,7500,7574,7618,7692,7736,7824,7928,8001,8429,8872,8931,9004,9078,9299,9344,9403,9550,9845,9860,10052,10066,10317,10332|
|right_data=314,344,432,462,550,580,668,698,786,816,1022,1317,1391,1907,1952,2232,2379,2822,3353,3382,3707,3736,4090,4120,4135,4253,4282,4371,4422,4489,4540,4607,4658,4710,4725,5048,5105,5127,5141,5170,5199,5242,5264,5278,5314,5357,5379,5408,5508,5566,5588,5602,5631,5660,5703,5724,5739,5775,5818,5832,5876,5890,5919,5948,5976,5998,6034,6070,6084,6099,6113,6142,6156,6228,6272,6286,6308,6336,6380,6408,6437,6459,6495,6509,6531,6545,6560,6574,6603,6617,6689,6762,6792,6880,6895,6998,7013,7116,7131,7234,7249,7352,7367,7470,7485,7588,7603,7706,7721,7883,7957,8473,8518,8827,8901,9373,9476,9875,9889,10022,10037,10347,10361|
|space_data=359,477,595,742,831,949,1067,1185,1244,1303,1362,1421,1480,1539,1598,1657,1716,1775,1834,1893,1952,2011,2070,2129,2188,2247,2306,2365,2424,2483,2542,2601,2660,2719,2778,2837,2896,2955,3014,3117,3146,3176,3205,3235,3264,3294,3323,3353,3382,3412,3441,3471,3500,3530,3559,3589,3618,3648,3677,3707,3736,3766,3795,3825,3854,3884,3913,3943,3972,4002,4031,4916,4931,4990,5451,5926,5955,5984,5991,6012,6041,6070,6099,6106,6128,6156,6185,6214,6221,6243,6272,6300,6329,6336,6358,6387,6416,6444,6452,6473,6502,6531,6560,6567,6588,6617,6646,6675,6682,6704,6718,7795,7824,7854,7883,7913,7942,7972,8001,8031,8060,8090,8119,8149,8178,8208,8237,8267,8296,8326,8355,8385,8414,8444,8473,8503,8532,8562,8591,8621,8650,8680,8709,8739,8768,8798,8827,8857,8886,8916,8945,8975,9004,9034,9063,9093,9122,9152,9181,9211,9240,9270,9299,9329,9358,9388,9417,9447,9476,9506,9535,9565,9594,9624,9653,9683,9712,9742,9749,9771,9801,9830,9860,9867,9889,9919,9948,9978,9985,10007,10037,10066,10096,10103,10125,10155,10184,10214,10221,10243,10273,10302,10332,10339,10361,10391,10420,10450,10457,10479|
|frzLeft_data=1214,1247,1539,1557,1922,1940,2011,2029,2158,2221,2748,2811,2866,3091,4046,4109,4282,4507,7780,7813,8105,8123,8488,8506,8577,8595,8724,8757,8842,8949,9314,9421,9491,9524|
|frzDown_data=1273,1306,1568,1675,2247,2265,2394,2619,4607,4625,7839,7872,8134,8241,9019,9052,9196,9229|
|frzUp_data=1509,1527,1745,1778,2719,2737,4135,4153,4518,4566,4636,4684,8075,8093,8311,8344,8783,8816,9432,9465|
|frzRight_data=1450,1468,1686,1719,1981,1999,2040,2147,2276,2339,2630,2693,4164,4212,4754,4905,8016,8034,8252,8285,8547,8565,8606,8713,8960,8993,9078,9185,9255,9288,9550,9657|
|frzSpace_data=3073,3091|
|speed_data=|
|boost_data=|
|tuning=せせせ|

|adjustment=-5|
|titlesize=|
|musicUrl=18.mp3|
          `;
}
        